6
0  1  2  3  4
5  6  7  8  9  10
11  12  13  14  15  16  17  18
19  20  21  22  23  24  25  1  0  26
27  12  28  13  29  30
31  32  33  34  35  3  4  2
4
36  29  37  38  39
40  41  42  43  44  45  2  46
47  48  49  50  51  52  53  54
55  56  57  58  59
5
60  61  62  63  64  65  66  67  68  69  70  71  61  72  60  73  74
75  76  77  78  79  80  81  82  83  84  85  86  87  88  89  90  89  80  91  44
7  90  7  92  93  60  61  94  95  96  97  98  99  100  101  102  103  104  105  106  107  91  108  109  110  111  112  113  114  115  116
62  117  118  119  120  121  122  65  123  124  125  126  127  128  65  129  44  118  130  60  61  131  53  132  95  133  134  135  136  91  137  138  139  53  140  141
142  143  144  107  145  146  120  95  147  148  1  149  150  151  152  130
3
2  153  154  155  156  157  158
45  159  160  161  148  162  163  164
55  57  165  2  166  153  39  167  168  169  170
4
151  152  130  60  61  63  64  171  68  65  172  70  71  61  173  174  74
157  120  83  2  175  176  177
178  179  180  130  181  182  183  184  185  186  187  188  189  190
191  192  193  194  195  196  173  197  149  53  137  198  199  200  201
4
2  202  203  204  205  206
63  207  208  209  210  13
55  57  211  82  212  213  214  215
2  173  216  38  217  218  219
3
220  157  221  107  222  223  224
2  225  226  227  228  60  61  229
230  231  2  232  233  137
4
220  217  234  143  235  217  236
237  173  234  238  239  240  241  154
242  243  244  55  57
245  213  17  246  247  248  249
3
250  2  251  155  209  252  253
2  254  55  57  255  256  256  7  257  203
250  130  137  258  259  154  260  261  262  263  264  265
4
63  88  266  267  212  2
268  2  157  269  213  270
271  158  55  57  272  254  157  148  5  273  40  274  275  42  276  277
278  268  40  55  279  280  281  44  2  279  280  282
2
283  2  284  52  53
283  158  63  259  285  221  286  263  284  52  287  288  289  53  54  290  50  291  198  292  32  271  293  294
4
295  112  296  297  2  17  298  299  95  2
15  212  2  300  301  2  302  303  297  15
304  305  2  306  307  74
308  309  310  311  312
2
2  173  313  38  7  314  315
316  148  317  1  251  318  319  147  162  320  321  42  322  323  139  324  237
2
325  119  326  88  327  328  329
2  90  138  250  139  90  234  42  235  43  330  331
4
332  270  251  318  333  334  89
44  2  335  251  55  57
336  337  203  312  338  251  251  155  266  53  60
2  157  158  339  340
5
341  342  343  2  344  345  122  346
347  348  349  164  350  351  147  271  323  352  353  354
331  45  138  355  356  357  3  350  342
358  359  294  112  149
240  360  361  360  287
3
362  158  63  363  265  2  37  364
357  7  365  204  278  274
366  15  201  367  368  352  12
2
369  370  60  61  371  372  373  374  338  375  55  57  376  377  337  378
339  213  37  379  380  381
2
2  158  382  32  165  383  173  384  385  386  387  388
389  4  390  162  376  138  247  42  391  38
2
2  158  55  57  392  393  203  394  12  337  7  395  396  4  397
32  398  393  7  399  400  401
2
2  371  88  63  51  402  403  404  405  406  74  407  174
2  202  297  40  274  55  57  37  82  212  213
1
37  82  408  213  352  2  213  409  410  411  412  413  390
1
251  414  85  213  2  173  29  37  38  157  158  147  143  415  60  164  416  5  6  7  417  206  418  147  213  416  256  419
1
2  32  143  420  53  271  421  422  423  424  224
3
2  173  29  37  38
415  53  60  332  194  251  155
425  426  160  427  325  7  17  60  428
3
371  32  429  242  430  39
60  61  1  371  431
432  42  43  433  434  126  435  436  14  41  44  234  144
1
437  438  439  431  440  441  247  442  13  443  143  444  445  158  2  355  446  410  447
2
448  321  449  157  7  450  397  450  451
452  278  297  2  278  453  454
5
37  45  2  455  250  60  439  155  409  456  410
457  458  12  459  41  207  235  460  461  427  251  155
37  357  335  212  158  40  163  164  462  49
147  213  463  464  360
465  234  466  138  467  468
2
371  45  157  158  60  469  55  57  40  470
415  471  472  421  473  474  287
4
332  30  139  224  32  143  60  61
308  352  475  251  353  332  213  321  476
55  57  41  234  477  7  212  478  240  29  194  213
479  321  480  479  287
1
371  481  42  429  482  287  60  483  2  484  204  53  485  40  63  240  211
2
321  400  296  2  3  251  12  486  30  251  185  487  35  281  17  257
213  29  488  212  467  353
2
2  352  489  490  287  491  492  250  256  89
321  493  119  494  495  479  245
2
250  192  60  496  497
352  498  213  235  164  248  499  168  338
3
158  2  1  60  85  137
325  7  500  179  501  502
503  85  179  336  41  504  44
2
505  310  60  506  41  234
55  57  165  415  287  250  310  506  53
1
2  203  470  126  127  157  158  55  57
2
371  507  446  39  85  317  508  251  318
63  509  510  88  53
3
157  369  158  55  57  511  438  112  373  512  167  32  332  82  212  213  37
258  40  513  514  274  85  470
353  515  467  375  32  409  251  251  516  472  42  409  251  517
1
15  16  272  201  4  518  519
3
463  360  520  12  521  156  155  56  266  522
213  32  332  523  157  479  55  57  477  524
2  240  158  525  526  328
3
24  213  527  528  529  353
60  2  530  531  509  532  296  533  32  534  535  39  536
55  29  364  17  203  513
1
2  158  55  57  157  537  29  212
3
157  158  371  42  429  39
173  234  538  247  539
55  57  165  157  158  540
1
2  53  28  541  251  155  523  542  29  37  543  544  138
2
352  2  545  371  42  429  2  546  137  53
310  55  57  547  548  203  549
2
352  550  28  551  328  452  552
319  32  332  321  173  29  37  38  553
3
2  240  554  164  371
306  555  40  470  332  544
37  247  145  446  39
2
32  328  235  325  556  557  447  558  325  139  331  474  287
93  559  510  164  419  224  427  560
2
173  89  241  154  362  270  256  561  562  333
563  490  424  564  332  2  40  158  352  565
2
60  61  157  135  566  567  2  53  332  192  60  316  568  503  157  192  235  137  14  180  53  42  569  271
570  471  209  328  240  63  571
2
256  332  60  536  53  32  143  137  32  235
42  143  325  556  446  224  572  8  573
2
45  216  85  574  213  575
212  219  576  577  578  579  163  219
1
28  580  13  251  155  453  45  250  498  581  60  61  240  41  582  583  419  584
2
146  585  203  586  53  587  420
2  157  158  138  328  167  90  250  53
1
327  45  16  15  588  15  333  589  2  589  55  589  28  250  523  590  63  145  591
1
352  592  328  593  565  375  112  327  12  266  32  22  594  595  24  596
2
55  597  598  7  2
599  138  600  376  138  247
1
327  411  43  192  53  55  601  511  602  14  63  603  157  265  286  604  605  155  250  32  355  606
2
63  607  608  143  325  325  139  107  573  331
120  2  609  164  610  466  353
2
139  611  143  2  612  613
614  2  615  595  294  157  453  422  616  617  32  618  619  446  620
1
37  621  57  2  173  206  622  623  624  625  111  626  480  627  628
2
629  63  630  143  30  139  224
264  631  263  632  633
1
278  414  63  2  173
1
324  2  42  634  2  3  4  42  332  635  266  328  636  32  145  637
1
638  143  173  639  149
3
60  2  256  213  37  640
352  251  12  112  641  640  642
375  251  55  377  145  490  270  251  318  201  256  266  42  268  643
2
37  2  427  242  430  203
644  28  328  645  646  167  517  294  112  148  328  135  647  648  419  139  649
2
650  217  234  319  450  312  651
652  213  16  353  252
3
312  653  629  185  470
19  371  1  53  63  402  173  74  65  654  68
655  420  60  61  656  63  657  74  658  659  510  93  61
1
157  158  167  523  157  660  161  135  162  158  63
2
60  661  523  523  240  371  446  39  362  662  422  631  63  196  663  513  112  459  584  10  331
7  450  327  112  664
1
2  202  37  665  309  184
1
2  666  143  53  164  251  155
3
63  667  502  668  669
325  670  32  2  439  671
2  672  148  55  673
2
2  544  203  674  55  477
28  167  675  676  250  63  138  157  677
2
158  2  678  302  470
380  143  154  287  53
1
45  157  679  17  370  55  158  135
2
296  680  376  377  272  4
271  122  60  681  60  682  674  55  2  683  216  38  684
1
37  685  415  60  297  2  577  686  332  439
2
371  42  250  85  235  139
245  53  53  138  257  234
3
466  2  256  318  687  112  154  316  688  409  494  41  251  689  466
133  162  139  173  2  214  690  691  55  692  385
693  316  327  44  122
2
694  695  560  248  696  220  53  697  698  240  699
352  28  595  157  453
1
2  700  45  701  213  201  702
3
42  558  422  703  704  287  705  706  707  708
302  112  709  710  44  711  712
55  57  713  544  357  7  714  180  42  276  213
5
251  12  352  254  635  55  57  462  715  213  319  283  55
3  357  716  274  37  32  112  717
448  254  635  718  324  55  122  458  632  637  719  7
328  720  316  721  722
723  724  299  42  268  173
1
32  332  157  158  35  376  725  604
0
2
158  2  415  162  42  726  422  631  232  265  5  273  419
2  3  55  165  2  369
3
700  42  429  535  630
727  414  312  55  57  157  158
278  728  729  730  731  351  44  312
1
173  29  37  38  55  57  732
2
158  2  733  325  390
352  247  2  370  672  157  148
1
250  155  240  207  235  57  59
2
2  579  311  55  57
240  264  286  703  247
1
2  53  734  360  589  2  250  154  139  251  155  589  427  251  155  32  332  138  157  703  735  736
2
2  184  737  224  123  533  738  235  325  232  325  139  330  473
45  370  739  158  216
2
2  173  38  216  89  740
674  741  203  157  585
1
310  742  85  53  743  744  745  217  746  213  215
1
409  162  429  410  447  747  235  157  139
2
2  748  749  492  240
63  750  751  752  328
1
11  251  12  28  53  565  37  45  55  57  37  213
1
409  753  251  155  328  593  251  425  754  154  316  755
3
756  250  531  2  91
590  757  295  224  257  758  173  759  760  180  761
175  762  139  763  764  765  766  767  768  164  769  770  453  157  2
1
63  53  712  138  771  772  598  2  194  743
1
409  167  743  156  773  774
1
2  482  371  213  775
1
158  55  37  665  776  777  778
1
45  55  57  203  470
1
2  340  158  490  316  779  325  754  161
2
415  53  638  287  240  780  292  332  180  533  781  112  35
421  208  422  782  224
1
158  327  783  138  611  143  2  138  157  784  2  785  786  32  328  668  669
1
2  157  369  147  787  788  192  316  743
2
789  743  167  32  143  63  147  790  448  157  7  513  791
157  792  41  26  202  793  23
1
37  212  728  794  316  63  157  158  795
0
1
485  63  266  42  122
2
2  589  256  312  311  211  796  537
295  251  797  173  401  589  22  798  799  800
1
256  7  163  164  157  801  159  265
1
352  2  28  53  154  512  523  784
0
0
1
213  157  16  37  212  55  57  40  21  470  513
1
2  571  2  802  60
2
2  28  167  803  287
32  332  457  207  147  138  328
1
138  28  13  251  155  32  332  523  804  192  332  446  2  308  60  61  207  669  202  213  157  16  466  380
1
295  414  321  37  364  63  446  805
1
2  291  37  806  42  409  807
1
2  157  158  607  203  194  414  24  2  319  173  55  635  44  154  7  808
1
371  42  429  138  247  809  810  802  250  235  12  447  45  811  673  446  479
1
213  60  371  42  32  429  39
2
2  173  216  38  154  812
2  159  286  423  60  164
1
352  42  235  508  758  371  481  164  669
0
2
2  157  158  55  57  813  254
300  213  256  251  2
0
1
173  380  24  2  158  370  371  32  429
2
2  158  55  57  157  537  29  212
245  706  189  352  194  251  251  155
1
163  814  7  815  816  287
1
21  799  800  296  321
3
189  817  818  819  820  753
2  554  32  143  139  53  139  137
333  821  380  2  544
3
37  220  213  822  212  508  823
824  321  478  825  184
157  7  395  122  826  32  827  828  829  165  49
2
88  2  830  180  831
29  82  212  375  621  424  446  576
1
2  377  55  832  833  117  401
2
5  6  7  3  4  834  287  835
836  0  234  599  154  28
2
2  55  742  247  837
42  838  295  839  471  840
2
2  415  327  2  658  642  517  88  256  234
21  2  257  841  415  517  473  842  325  582  841  240  573
1
352  28  843  844  240  60  61
1
42  184  148  2  479
2
2  157  158  32  143  30  139  224  137  53
586  845  846  141  847
2
213  527  164  439  250  2  593  848
321  355  826  849  55  57  59  212  219  850
1
55  851  607  204  466  353  381
1
371  240  852  853  247  266  147  42  854  621  42  332  157  207  30  138  332
2
371  431  42  250  30  139  224
2  173  89  624  37  465
2
155  855  327  2  328  756  154  139
856  203  37  213  212  219
1
332  544  333  380  2  29  37  38
2
857  213  858  523  804  212  321
55  57  203  274  7  859  49
1
860  861  139  24  2  112  247  32  332  240  173  543
1
2  202  157  148  63  830  862  863  164  669
1
29  864  781  751  287  657  234  865  217  866  165  867
2
11  12  28  87  290  691  55
452  2  868  869  235  535  257
2
250  870  376  871  2  376  181  229
2  173  37  138  872
1
13  157  453  2  247  498  873  874  611  328
1
63  143  235  2  700  630
2
194  296  2  875  180  32  268  328  517  352
876  173  234  877  878  381  686  332  84
2
2  879  880  786  235  139  361  240  881  422  631
143  53  235  137  232  330  229  217  234
1
332  158  621  371  217  234
1
55  57  157  537  37  82  212  355  143
1
441  44  95  882  60  402  42  1  332  310  55  883  884  157  247  53
0
2
645  837  885  330  420
415  719  194  53  197  152  137
1
2  173  544  543  158  55  674  544  821  380  213  544  886  44
2
180  42  332  439  202  502  138  112  502  490
277  533  328  581  154  7
2
1  53  887  2  245  668  669
888  106  830  180  889  133  89
1
53  251  251  155  328  890  325  754  660
1
498  2  213  891  332  37
1
2  32  143  37  321  892  616  53  37  247  638  893  287  443  490  894  523  895  589  896
1
2  158  29  212  37  2  143  235
0
1
490  729  12  743  897  898  211  287
1
158  2  438  251  28  472  21  158  287  50  899  52  60
0
3
240  138  900  287  2  901
439  158  2  143  902
712  325  903  2  1  32  250  30  139
2
213  904  37  212  364  2
164  371  53  905  360  152  137
3
30  139  224  507  328
332  2  571  906  328  139  461  155  263  907  908  577  366  53  157  909  910
237  173  234  624  353  911
0
2
2  53  781  912  358  147  130  913  53
2  173  914  216  38
1
321  28  53  251  155
1
530  751  21  915  60  61  916  917  41
1
327  918  12  112  919  249  167  448  396  2  57  920
2
173  251  241  353  240  381
2  202  240  554  328  90  155  155
2
173  240  921  158  310  213  850
24  240  30  162  138  112  257  919  595
1
371  481  431  589  264  286  224  922  923  523  924  152  130  60  240  925  44  265  604  196  232
2
45  157  701  55  57  58  59
672  164  212  15  926  297
1
37  321  212  213  2  143  355
1
352  2  410  60  61  666  450  927  42  429
0
2
325  161  657  573  331  473
37  312  274  55  57
1
2  32  250  164  669
1
37  45  82  212  213  63  607  240  257  332  492  137
2
138  928  167  147  280  60  61
352  2  929  63  338  12  28
2
63  201  571  328  235  930
2  173  29  37  38  931  234  812
1
158  55  57  29  357
2
549  112  143  355  164  669
932  933  286  934  248  935  220
2
485  2  310  742  729  936
2  32  429  52  937
1
40  470  274  55  938  939  940  941  942
1
244  251  318  55  57  204  589  364  427  28
0
1
415  53  235  137  943  419
1
213  159  944  427  945  266  284  157  479
0
2
202  946  44  2  173  947
948  949  32  112  251  318  950
2
2  55  57  204  333  951
333  952  24  953  954  173  955  956  957
0
1
37  2  629  360  308  958  158  63  29  38  2  959  380  960  240
1
375  333  2  571  375  173  60  961  122  826  589  251  318  457  731  112  962
2
158  45  60  61  55  57  963  59
82  212  201  850  964  247
1
352  2  965  213  340  16
0
0
1
42  207  2  17  202  63
2
2  240  21  2  32  630  112  143  446  167  30  139  224
297  935  120  966  245  224  967  968
0
1
2  202  148  37  213  63  240  158  266  441  44
2
850  465  544  38  2  29  37
2  706  32  143  446  224  60  439
1
194  969  37  162  2  173  234  970  493  849  360  471  595  22  971  972
1
371  143  446  53  973  974  235  152  137  293  265  975  287
1
26  5  6  7  3  4  976  977  287
1
317  2  555  568  203  470
1
173  90  251  89  57  295  635
1
287  143  443  337  265  214  263  223  112  978
1
857  220  53  931  2  979  980  143
0
1
321  24  981  234  951  353
1
571  42  235  461  234  325  139  232  265  240  263  497  497  982
2
180  207  196  148  14  212  55  85  302  138  372
32  372  2  743  302  473  983  26
2
158  2  415  245  157  591  157  560  968
2  173  29  37  38
1
409  328  167  138  328  984  985  44  234  466  194  234  986
0
2
158  45  370  154  89  173  639
37  2  112  143  53  152  137
1
173  234  812  2  987  57
2
2  173  217  242  26
988  28  90  989  238
1
352  247  53  60  43  37
2
2  316  250  30  139  224
2  143  990  30  139  224
0
2
333  353  216  240  2  37  665
745  629  32  991  992
1
321  625  29  364  202  29  219  665  993  37  247  157  994
1
138  328  490  154  156  138  647  251  155  157  334
0
1
2  17  32  355  143  30  139  224
0
1
995  996  458  287  443
1
220  571  2  55  57  157  537  37  212
2
250  154  139  251  155  453
63  217  234  830  93  997  998  230  999  147  180  217  1000
2
420  1001  933  1002  184
409  60  783  14  224
1
2  3  1003  161  1004  376  138  247  589  332  1005
1
203  1006  55  157  158  466  380  216  213  157  29
1
694  45  370  339  213  55  57  511
1
2  250  294  154  139  876  1007
1
958  2  1  816  88  51  63  1008  1009  1010  752  112  559  484  1011
0
1
28  2  523  479  544  60
0
2
2  326  299  95  1012  143
213  533  527  333  332  256  1013  112  1014
1
544  466  544  2  29  38  523  157  784  463  85  2  245
2
2  157  332  298  1015  887
173  29  37  38  217  416
1
448  247  213  3  55  593  339  204  42  1016  242  111
1
147  1017  280  580  207  157
1
60  61  126  1018  1019
2
173  458  234  2  173  29  37  38  731  376  1020  2
82  212  213  157  29
1
2  60  61  37  532  621  213  37  466  467  381
1
2  917  441  686  2  868  441  686  173  1021  213  1022  55  1023  1024  1025  360  247
1
310  544  213  821  215
0
1
2  1026  1027  1028  1029  420  184  224
2
55  57  357  37  245
738  213  55  857  1030  694  247
1
571  2  158  415  60  55  477  7  274  165  247  571
1
2  19  1031  88  1032  312  55  57  162  60  630
0
2
466  914  321  544  213  112  1014
2  53  85  137  235  30  139  689
1
37  310  213  35  312  1033
1
2  157  616  245  142  816
1
28  783  251  155  250  902
3
220  1034  191  220  738  1035
420  224  224  1036  93  548  263  149
217  746  2  158  250
1
371  32  429  242  430  630
1
332  498  2  55  1037  157  415  247  82  212  213  37
1
213  55  1038  297  308
2
2  202  254  217  26  302  44
245  213  17  16  241  353  1039
1
2  316  250  30  139  224
0
1
638  143  389  672  287  1040  892  1041  297
1
686  1042  686  1043  213  979  980
0
1
90  147  280  308  409  2  167
0
1
213  251  42  268  157  145  39  447  926  1044  26  621
1
498  2  415  492  344  743  1045  466  380  213  37  896  213  43  393  39
3
332  2  485  240  245  164  669
147  173  523  201  479
55  57  621  29  37
1
45  157  158  1046  55  57
1
2  32  143  53  137  37  286  224  37  213
1
246  247  1047  442  490
1
21  2  503  201  257
1
207  1048  173  157  1049  53
0
0
0
0
0
1
173  502  60  61  202  991  53  2  607  584  158  656  1050  1051
2
241  238  321  1052  849
63  157  158  245  152  137  53
1
821  45  16  213  268  981  55  1053  271
0
0
1
234  308  328  756  202
1
173  29  37  38  138  328
0
0
0
1
37  230  847  235  157  591
0
2
333  240  1039  321  493  119
55  511  732  7  477  984  1054
1
173  38  29  37  353  154  173  1055  956  90  1056
0
1
212  219  29  465  29
0
1
325  257  507  1057  179  200  91
1
37  287  53  1058  1059  803  189  143  845  350  1060
1
409  2  90  147  280  1061  158  548  149
1
245  287  280  629  439  2  157  709  213  575  37
2
371  2  1062  672  148
1063  1064  219  213  270  290  180  904
2
380  2  1065  202  148
287  443  240  2  164  669
1
1066  37  2  234  741  2  1067  53  42  143  164
2
55  37  375  138  254
1068  43  32  1069  1070
1
201  158  120  2  917  167  157  1071  161  257  942  1072  245
1
158  1073  164  669  241  213  409  329
1
2  157  984  607  204
2
2  316  250  325  898
325  287  781  28  286
0
1
157  158  159  286  924  220  781  697  978  139  265  1074  924
1
333  380  2  29  1075  212  213  589  1071  1076
1
37  53  362  251  155  1006  1077
2
371  173  914  381  158  878  17  62  494
312  1078  371  240  371
1
201  157  616  332  60  1079
1
240  699  415  325  1080
1
321  212  493  119  158  621  217  1081  32  1082
1
2  415  287  579  297  163  49
0
1
694  701  685  616  621  157  29
0
1
158  157  1083  362  120
5
60  61  2  254  55  306  59
352  167  565  156  266  352  1084  251  12
2  138  250  743  1085  138  1086  631  53  157  994
360  53  137  2  393  1087  76  287
158  45  55  57  59  40  470  213  1088  251  56  353  154  240  381
6
60  61  126  127  650  571  217  1089  1090  517  328  885  222  223
265  2  138  1091  419  1092  362  1093  1094
2  325  53  1095  164  1096  419  234  457  999  1097  63  1098  2  60  61  184  1099  61  88  1100  405
114  617  654  1101  1102  1103  1104  80  42  141  1105  102  789  100  361  1106  459  1107  1106  102  1108  1109  1110  1111
123  63  517  924  1112  1113  325  102  1114  1115  32  618  1116  138  1117  44  41
1118  2  60  61  1119  1120  265  1121  102  1122  196  198  1123  1124  180  223  232  718  1125  144  459
2
2  632  53  263  718  1126  81  2  706  257  141  419  60  180  234  44  220  49  157  1127
45  1128  470  122  1129
4
2  53  32  143  164  201  700  1130  39
22  164  1131  2  112  55  1132  673  1133  357
22  53  781  1131  1134  1132  1135  1136  44  1137  1138  1139  336
1140  332  901  327  2
2
333  380  163  1141  164  1142  287  1143  204  1144  223  2  1145  245  44  2
599  400  1146  250  137  53  1147
3
173  914  2  672  148  550  1148  724
375  319  7  672  1149  384  534  7  1150  247  1151
22  1152  639  23  353  240  1153  767
2
37  321  1154  841  741  1155  1156
319  338  154  156  316  568
1
429  251  425  2  2  28  642  313  160  180  42  112  731
2
63  157  158  414  1157  1158  202  1026  685  2  901  5  6  204
55  57  157  1159  339  147  256  318
2
2  60  61  147  85  1160  40  457  3  4  243  1161  274
1162  1163  1029  2  1141  49  219  204  165  1164  745  1165  28
2
60  61  138  154  2  250  1166  366  213  1167  16  657  1168  1169  1170  827
1171  360  164  1172  250  2  53  422  631  42  293  1173
2
2  42  429  242  430  630  490  450  209  611  212  1174  310  1175  729  936
711  712  1045  579  266  157  49
3
147  1176  928  1177  327  2  90  155  35
40  1178  425  120  141  446  372  1176
287  133  319  187  523  1179  802  1176  666  1180  120  1160  658  61  1074
3
32  267  321  202  148  254  158  55  37  213  173  589  308  63  138  2  446  14
327  870  1181  180  194  240  1182  184  250  1183  1184  43  355  277  17  1185
1186  1091  17  235  44  559  946  1187
4
321  173  234  201  426  1188  1189  1176  353
213  201  157  16  82  212  321  201  1190
55  57  173  217  681
1191  26  55  672  1192  1193  1194  57  138  638  1016
2
352  28  53  2  32  143
45  673  457  979  213
1
1195  3  635  1195  3  635  158  160  147  247
1
492  250  2  1177  209  28  167  251  155
1
2  202  201  148  55  57  204  274
1
1196  53  743  1197  42  1198  291
4
2  355  325  39  60  164  837
312  29  49  579  1199  1200  1201  112  163  1202
55  57  240  207  1203
198  526  414  621  42  147  1204  1205  1206  256  251  318  42  276  1207  192  1208  237  32  1209
3
45  370  1210  1211  55  57  1212  1213
666  212  7  1214  2  1215  268
1216  420  629  251  2  68  653  240
3
352  2  250  234  1217  280  1218  1219  1220  1221
332  523  1222  91  51  402  461  155  84  287  201  1223  40  255  7  1224
213  1225  201  2  1226  446  39  630  55  57  621  37  364
1
523  157  479  362  234  1227  157  238  240  212  793  1228  849  517  749  2  523  332  256  1229  202  2  55  57  41  234  157  1230
1
327  106  143  420  531  91  268  50  1127  232  265  924  287  1231  1232  112  288  589  414  316  1  241  1039  353
2
441  44  95  1  1  366  296
666  250  53  718  277  1063  1233  679
3
420  368  1234  1235  224  1236  1237
355  1238  493  1239  1240
287  645  53  287  1241  1236  137
2
35  257  88  60  63  60  61
157  158  42  429  410  630
1
1242  240  409  490  251  155  406  325  754  1033  568  213  37  35  446  28  783
